snowman.png
size:5403,1600
filter:Linear,Linear
pma:true
01
bounds:805,2,735,418
offsets:6,50,814,512
02
bounds:2,2,801,418
offsets:6,50,814,512
03
bounds:2460,152,665,418
offsets:6,50,814,512
04
bounds:3127,152,665,418
offsets:6,50,814,512
05
bounds:1542,11,697,418
offsets:6,50,814,512
06
bounds:4908,830,768,418
offsets:6,50,814,512
rotate:90
07
bounds:2460,1086,814,512
08
bounds:2460,572,814,512
09
bounds:3276,1086,814,512
10
bounds:3276,572,814,512
11
bounds:4092,1086,814,512
12
bounds:4092,572,814,512
bodyb
bounds:2,422,1274,1176
faceb
bounds:4974,379,427,449
headb
bounds:1278,431,1180,1167
leg_L
bounds:3794,103,588,467
offsets:1,1,590,469
leg_R
bounds:4384,103,588,467
offsets:1,1,590,469
